0 0
1 0.448181
2 0.776474
3 -0.13385
4 0.6008
5 -0.132614
6 0.557419
7 0.567947
8 -0.197433
9 0.172333
10 -0.403366
11 0.0039978
12 0.332703
13 -0.468582
14 -0.440262
15 0.388458
16 0
17 0.388458
18 -0.440262
19 -0.468582
20 0.332703
21 0.0039978
22 -0.403366
23 0.172333
24 -0.197433
25 0.567947
26 0.557419
27 -0.132614
28 0.6008
29 -0.13385
30 0.776474
31 0.448181
32 0
33 0.551826
34 0.223526
35 1.13384
36 0.3992
37 1.13261
38 0.442581
39 0.432053
40 1.19744
41 0.827673
42 1.40336
43 0.995999
44 0.667299
45 1.46858
46 1.44027
47 0.61154
48 1
49 0.61154
50 1.44027
51 1.46858
52 0.667299
53 0.995999
54 1.40336
55 0.827673
56 1.19744
57 0.432053
58 0.442581
59 1.13261
60 0.3992
61 1.13384
62 0.223526
63 0.551826
64 0
65 0.448181
66 0.776474
67 -0.13385
68 0.6008
69 -0.132614
70 0.557419
71 0.567947
72 -0.197433
73 0.172333
74 -0.403366
75 0.0039978
76 0.332703
77 -0.468582
78 -0.440262
79 0.388458
80 0
81 0.388458
82 -0.440262
83 -0.468582
84 0.332703
85 0.0039978
86 -0.403366
87 0.172333
88 -0.197433
89 0.567947
90 0.557419
91 -0.132614
92 0.6008
93 -0.13385
94 0.776474
95 0.448181
96 0
97 0.551826
98 0.223526
99 1.13384
100 0.3992
101 1.13261
102 0.442581
103 0.432053
104 1.19744
105 0.827673
106 1.40336
107 0.995999
108 0.667299
109 1.46858
110 1.44027
111 0.61154
112 1
113 0.61154
114 1.44027
115 1.46858
116 0.667299
117 0.995999
118 1.40336
119 0.827673
120 1.19744
121 0.432053
122 0.442581
123 1.13261
124 0.3992
125 1.13384
126 0.223526
127 0.551826
128 0
129 0.448181
130 0.776474
131 -0.13385
132 0.6008
133 -0.132614
134 0.557419
135 0.567947
136 -0.197433
137 0.172333
138 -0.403366
139 0.0039978
140 0.332703
141 -0.468582
142 -0.440262
143 0.388458
144 0
145 0.388458
146 -0.440262
147 -0.468582
148 0.332703
149 0.0039978
150 -0.403366
151 0.172333
152 -0.197433
153 0.567947
154 0.557419
155 -0.132614
156 0.6008
157 -0.13385
158 0.776474
159 0.448181
160 0
161 0.551826
162 0.223526
163 1.13384
164 0.3992
165 1.13261
166 0.442581
167 0.432053
168 1.19744
169 0.827673
170 1.40336
171 0.995999
172 0.667299
173 1.46858
174 1.44027
175 0.61154
176 1
177 0.61154
178 1.44027
179 1.46858
180 0.667299
181 0.995999
182 1.40336
183 0.827673
184 1.19744
185 0.432053
186 0.442581
187 1.13261
188 0.3992
189 1.13384
190 0.223526
191 0.551826
192 0
193 0.448181
194 0.776474
195 -0.13385
196 0.6008
197 -0.132614
198 0.557419
199 0.567947
200 -0.197433
201 0.172333
202 -0.403366
203 0.0039978
204 0.332703
205 -0.468582
206 -0.440262
207 0.388458
208 0
209 0.388458
210 -0.440262
211 -0.468582
212 0.332703
213 0.0039978
214 -0.403366
215 0.172333
216 -0.197433
217 0.567947
218 0.557419
219 -0.132614
220 0.6008
221 -0.13385
222 0.776474
223 0.448181
224 0
225 0.551826
226 0.223526
227 1.13384
228 0.3992
229 1.13261
230 0.442581
231 0.432053
232 1.19744
233 0.827673
234 1.40336
235 0.995999
236 0.667299
237 1.46858
238 1.44027
239 0.61154
240 1
241 0.61154
242 1.44027
243 1.46858
244 0.667299
245 0.995999
246 1.40336
247 0.827673
248 1.19744
249 0.432053
250 0.442581
251 1.13261
252 0.3992
253 1.13384
254 0.223526
255 0.551826
